.Random.seed <-
c(403L, 10L, -2115188232L, 481401126L, 133106241L, 873882579L, 
-504712830L, -225274444L, 1707884855L, 1705616429L, 1025667396L, 
1252214378L, 1940918485L, -1259471249L, 379272054L, 1742163104L, 
1873782115L, -1168103935L, -233069200L, -475958002L, -1491896455L, 
-1174255861L, 574629946L, 1272919868L, 2053764223L, 359393237L, 
-1361212948L, 195570498L, 1645704349L, -1945965289L, -364911490L, 
-1843389384L, -1822229733L, -63524743L, -198182712L, 1707757814L, 
-602099407L, -1185867421L, 2044619570L, 1470522500L, 342466759L, 
-2011317347L, 519438100L, -2083965510L, 1731171333L, 1829997023L, 
-1712223130L, 1134726128L, -1855630061L, -258676047L, -448674464L, 
1673509630L, 1343526537L, 1683497403L, 204569482L, 2023621228L, 
-1435513873L, 1057133605L, 901754076L, -618020174L, 143340973L, 
-1101158041L, -444463474L, -1548259480L, 36484971L, -471060215L, 
1104512920L, 872357574L, -1910223839L, -1763776333L, 556274210L, 
-353909740L, 833525911L, -1804698995L, 1477901220L, 1449272714L, 
882860533L, 1213733967L, -979592362L, -80629248L, -1979266237L, 
538168033L, -1803962288L, -544745298L, 1678113881L, -1757696917L, 
573546970L, -529438052L, -1535064929L, 928519925L, -1712534644L, 
-344724894L, 737127997L, -1690644297L, 253710174L, 1134678680L, 
994910715L, 813497241L, 260072488L, 2077291734L, 1466335569L, 
1444356099L, -61626478L, 242951460L, 421964775L, -1038528451L, 
792362676L, -1938565862L, 381621861L, -2095056129L, -1823850618L, 
-374550256L, -1024523853L, 2013723217L, 695503360L, -1030175010L, 
998968617L, 902557915L, -1965520918L, 1800071052L, -961750833L, 
-877782907L, -285856964L, 235827730L, -479237875L, 1334088263L, 
2126637102L, 1193360776L, 1228760203L, 1957273193L, 291889720L, 
-1942596890L, -84316543L, 1407341075L, 1461016002L, 1188748916L, 
2116956279L, 920318317L, 1983841796L, -1518332630L, 1496838805L, 
-582067921L, 540695606L, -697632672L, -790344029L, 1162086849L, 
1416222128L, 577297614L, 1170496057L, 1220713547L, -678707718L, 
2137110780L, -1879786177L, 142971413L, 1811020076L, -1151403518L, 
1315371229L, 41458647L, -1658108226L, -668688136L, -1307607333L, 
1045947705L, -704720760L, 174245942L, 976841841L, -142535005L, 
1645681650L, -1252491452L, -1143377913L, -137384483L, 1493998292L, 
-1774967302L, 1163315525L, 849268127L, -349376730L, 1819557808L, 
-1800905645L, -938666127L, 115977888L, 145437246L, -1640752823L, 
-2018342917L, -1561113654L, 144500012L, -1222223569L, -979236891L, 
-787458404L, 359138034L, 224502637L, 331431079L, -1182591282L, 
1215147048L, -1079586773L, 1646150217L, -928502952L, 1102882310L, 
-20680735L, 1909759347L, 587544034L, -1060734636L, 545744983L, 
-1838902195L, 549038052L, -1461963318L, 1502026805L, -1148290417L, 
936407958L, -215351488L, 348606979L, 1450092577L, -50855152L, 
-1407999762L, 1619411097L, -2059082453L, -1210000358L, -663572772L, 
1321060063L, -293162827L, -717146548L, 1528502946L, -2077195779L, 
-1249015049L, -853320674L, -718203176L, 1337543227L, 1929930713L, 
1825320296L, -995320682L, 1419680273L, 1188154024L, 35588684L, 
-1672095876L, 307141938L, 1106544240L, -779642044L, -2075404328L, 
275459962L, -585548240L, 2028582844L, -1399249324L, -672917438L, 
-94826336L, 1609592508L, -1601525296L, -335690910L, 1852482280L, 
-341012276L, 1939214844L, -556533262L, -1696003456L, 1055512052L, 
-1436645752L, 846786362L, 2104783696L, 905655404L, -1152611948L, 
-2021829550L, 432245216L, -1598874420L, 1037200544L, -1544907390L, 
974414056L, 1942363884L, 285203772L, -575136654L, -935514000L, 
1009141796L, -907621320L, -352004326L, -1785164592L, -364374212L, 
-1819781228L, 1555782530L, 1774522816L, 56335932L, 187708816L, 
-158996958L, 966065416L, 1487992460L, -1752684772L, 1706586258L, 
-1596925568L, 1827696148L, 385978152L, 1810735674L, -1277430320L, 
-1060914836L, -1351683148L, -1750394862L, 797883872L, -1724805172L, 
-1020645152L, -1872091102L, -1308008152L, 1495498252L, 855719740L, 
-645411854L, -867423504L, -281483708L, -2112183720L, -2107400390L, 
-2103675408L, 2103873212L, -1221392108L, 90360514L, 924572768L, 
-755477636L, 194422736L, 838271266L, 1931614888L, -1390488692L, 
-1471289156L, -1502652622L, -166798784L, -713120588L, 1690331720L, 
1897328058L, 1270168080L, -1697195284L, -1482028716L, -878964462L, 
-652964448L, 655248076L, -1041715616L, 759848898L, -1711411416L, 
723140524L, -2074471620L, 572684658L, 2028948272L, 1088869668L, 
-1450759368L, -504191270L, -2141732976L, -1536008452L, -1500900460L, 
-1630271422L, 1612936448L, -1926671300L, 1346195792L, 1139005602L, 
-867538616L, -1882200308L, -1614019876L, 292572498L, 1672449152L, 
634249300L, 452679656L, -1462746886L, 1490340688L, 899764012L, 
1422518644L, 622820242L, -733591456L, 450368908L, -1616581792L, 
1645238754L, -1591964760L, -575284020L, 1632315388L, 1005319602L, 
-1161654800L, 519195588L, -1695593128L, 824529274L, -304288848L, 
-2111581764L, -745977772L, -1943633982L, -662906848L, -814548804L, 
418587216L, 1973033954L, -142464920L, 1570589772L, -592332548L, 
459410418L, 965077248L, 1898029428L, 1389646856L, 843898810L, 
-349351472L, -1217766420L, -1021146732L, 714781138L, 1734414688L, 
-781504692L, 632420640L, 25978754L, 1204834024L, 1188061420L, 
-984640452L, -219997326L, -485095824L, -541889500L, 55288632L, 
-1805955942L, -1359729968L, -1859948356L, -1374179692L, 1854258818L, 
1809119424L, 152660796L, 1472412816L, -879325662L, -1135288312L, 
1569416460L, 565834908L, -63107566L, 1042333568L, 524019220L, 
20021800L, -2049319622L, 1077047760L, 503929964L, -116532940L, 
289717906L, 1848726368L, 2012439372L, 884361184L, 1014601634L, 
1699653544L, 968408460L, 200724668L, 488509810L, -1992119056L, 
-979955644L, -199677608L, -1349308870L, -671200400L, -1856763844L, 
-1145391340L, -864047678L, -985820448L, -296190084L, -1704108336L, 
981930146L, 1811600424L, -2121214708L, -324194372L, -1521454798L, 
1055961536L, -1672123852L, -1972042808L, -1604013894L, 692078992L, 
1819961836L, 1644853844L, -1055098734L, 1622726432L, -1696337460L, 
-570231328L, 757245634L, -1595761624L, -1685095764L, -449026884L, 
1109321881L, -1680055122L, -2020458052L, -209888723L, 1166061015L, 
1785349152L, -1939232386L, -1949284533L, -1175556787L, -1658244230L, 
-1484151368L, 2016687969L, -238190829L, -104573132L, -1623177918L, 
1658956119L, 617682081L, 1686080870L, 280514404L, 576470677L, 
-1129400385L, -290661544L, -834774666L, -947840125L, 2137459141L, 
-1919664414L, -2053415088L, 32967289L, 154389931L, 1905447708L, 
1584161866L, 1953046591L, 66039945L, -497720162L, 138821964L, 
1387485469L, -2106915673L, -1180646448L, -1678451858L, 1225681435L, 
-55612547L, 1937107306L, -37877752L, -1582133071L, 228765475L, 
-1325708252L, 328371922L, 1452874535L, 847514993L, -393743434L, 
-1381042348L, -1522486811L, -1943417873L, -1909802200L, 1804217222L, 
-986142797L, -2016547051L, 1981774194L, -386437696L, 1327525417L, 
1091232411L, 1483574124L, -28003462L, 1744481455L, -858392647L, 
-1594809906L, 1871856924L, 1508053133L, -2069496585L, 1863706624L, 
-828790178L, 791713067L, -1843141075L, -1817796966L, -872670632L, 
-1787611711L, 1429502579L, 2052659092L, 1361069602L, -1490974409L, 
1166170113L, 276206854L, -1406078652L, 856720501L, -649124385L, 
1023791416L, 617458454L, -684866781L, 303098085L, 195769602L, 
-55691408L, 86325017L, -1918394613L, -1073390596L, -1141245910L, 
-2083572641L, -1845453847L, -1615346434L, -107266836L, -908455875L, 
1737769991L, -1654022160L, -349799538L, 604424635L, -305272931L, 
241485130L, -2075357848L, 163619665L, 1973112899L, 2008865092L, 
1854812658L, -389680185L, -457194095L, 630995222L, -330221196L, 
-991907835L, 1019283535L, -238515128L, 535323110L, 838209299L, 
521824373L, -850429358L, 1959419040L, -182479479L, -1827793477L, 
-599596532L, -1568248934L, -1925246193L, -17374887L, 1705751534L, 
702913148L, -202474771L, -375951977L, -9824672L, -814236610L, 
-385049333L, -1173823603L, 1425706170L, -1853863176L, 204148897L, 
-307108781L, 1805940596L, 196547842L, -145498729L, -199293087L, 
